item NO.: 1  father id: 1
  item NO.: 581  father id: 1
  0-hatcore: []
    13-hatcore: [54, 121, 155, 47]
      16-hatcore: [2, 130, 102, 167, 105, 77, 174, 177, 49, 179, 19, 148, 20, 118, 183, 87, 60]
    1-hatcore: [33, 199, 156]
      2-hatcore: [65, 8]
        3-hatcore: [64, 98, 3, 164, 100, 134, 135, 107, 44, 109, 15, 52, 85]
          4-hatcore: [192, 17, 37, 133, 25, 26, 186, 187, 141, 189, 126]
            5-hatcore: [18, 51, 99, 6, 166, 55, 23, 9, 108, 46]
              7-hatcore: [1, 66, 131, 197, 70, 72, 73, 139, 144, 16, 82, 21, 86, 22, 90, 92, 28, 161, 97, 101, 170, 106, 42, 116, 181]
                9-hatcore: [32, 35, 165, 71, 171, 76, 13, 143, 79, 80, 147, 153, 57, 58, 27, 159, 127]
                  14-hatcore: [113, 196, 38, 24, 122, 140, 12, 93, 61, 110]
                    15-hatcore: [193, 194, 162, 163, 198, 103, 7, 10, 43, 172, 45, 176, 117, 150, 185, 123, 59, 188, 157, 158, 30, 31]
                      23-hatcore: [96, 129, 34, 68, 69, 39, 136, 75, 173, 14, 178, 50, 83, 182, 151, 119, 152, 91, 190, 94]
                        28-hatcore: [128, 195, 67, 132, 5, 137, 74, 11, 78, 145, 81, 146, 149, 88, 29, 160, 104, 40, 169, 41, 175, 111, 48, 115, 180, 120, 56, 124, 62]
    item NO.: 837  father id: 581
    0-hatcore: []
      4-hatcore: [192, 37, 25, 126]
        6-hatcore: [16]
          7-hatcore: [144, 97, 131, 181, 21, 42, 106]
            9-hatcore: [32, 80, 35, 115, 57, 153, 58, 27, 76, 79]
      item NO.: 905  father id: 837
      0-hatcore: []
        4-hatcore: [192, 37, 25, 126]
          6-hatcore: [16]
            7-hatcore: [144, 97, 131, 181, 21, 42, 106]
              9-hatcore: [32, 80, 35, 115, 57, 153, 58, 27, 76, 79]
      item NO.: 874  father id: 837
      0-hatcore: [115]
      item NO.: 871  father id: 837
      0-hatcore: []
        4-hatcore: [192, 37, 25, 126]
          6-hatcore: [16]
            7-hatcore: [144, 97, 131, 181, 21, 42, 106]
              9-hatcore: [32, 80, 35, 115, 57, 153, 58, 27, 76, 79]
        item NO.: 1150  father id: 871
        0-hatcore: [115]
      item NO.: 838  father id: 837
      0-hatcore: []
        6-hatcore: [16]
          7-hatcore: [144, 97, 131, 21, 181, 42, 106]
            9-hatcore: [32, 80, 35, 115, 153, 57, 58, 27, 76, 79]
    item NO.: 902  father id: 581
    0-hatcore: []
      1-hatcore: [199]
        3-hatcore: [134]
          4-hatcore: [192, 133, 37, 25, 26, 186, 126]
            5-hatcore: [99, 166, 23, 55, 9, 12, 46]
              7-hatcore: [1, 97, 131, 197, 70, 72, 170, 106, 42, 16, 144, 82, 116, 181, 21, 22]
                9-hatcore: [71, 10, 11, 76, 13, 143, 79, 80, 146, 147, 150, 153, 27, 158, 31, 159, 32, 35, 165, 171, 178, 115, 57, 58, 59, 188, 127]
      item NO.: 903  father id: 902
      0-hatcore: []
        5-hatcore: [99, 23, 46]
          6-hatcore: [97, 131, 21, 181, 42, 106]
            9-hatcore: [32, 80, 35, 115, 57, 153, 58, 27, 76, 79]
      item NO.: 695  father id: 902
      0-hatcore: []
        1-hatcore: [199]
          3-hatcore: [144, 134]
            7-hatcore: [16, 1, 70]
              9-hatcore: [32, 80, 35, 115, 57, 153, 58, 27, 76, 79]
        item NO.: 685  father id: 695
        0-hatcore: []
          3-hatcore: [144, 134]
            7-hatcore: [16, 1, 70]
              9-hatcore: [32, 80, 35, 115, 57, 153, 58, 27, 76, 79]
        item NO.: 689  father id: 695
        0-hatcore: []
          1-hatcore: [115, 199]
        item NO.: 697  father id: 695
        0-hatcore: []
          3-hatcore: [144, 134]
            7-hatcore: [16, 1, 70]
              9-hatcore: [32, 80, 35, 115, 57, 153, 58, 27, 76, 79]
      item NO.: 735  father id: 902
      0-hatcore: []
        6-hatcore: [16]
          7-hatcore: [144, 97, 131, 21, 181, 42, 106]
            9-hatcore: [32, 80, 35, 115, 153, 57, 58, 27, 76, 79]
        item NO.: 736  father id: 735
        0-hatcore: [115]
        item NO.: 728  father id: 735
        0-hatcore: []
          6-hatcore: [16]
            7-hatcore: [144, 97, 131, 21, 181, 42, 106]
              9-hatcore: [32, 80, 35, 115, 153, 57, 58, 27, 76, 79]
    item NO.: 813  father id: 581
    0-hatcore: []
      1-hatcore: [199]
        3-hatcore: [134, 135]
          4-hatcore: [192, 37, 25, 126]
            5-hatcore: [99, 166, 23, 55, 9, 12, 46]
              6-hatcore: [16]
                7-hatcore: [97, 131, 197, 72, 42, 106, 170, 144, 82, 116, 181, 21, 22]
                  8-hatcore: [146, 178, 150, 10, 59, 188, 158, 31]
                    9-hatcore: [32, 80, 115, 35, 153, 57, 58, 27, 76, 79]
      item NO.: 859  father id: 813
      0-hatcore: []
        3-hatcore: [99, 23, 46]
          4-hatcore: [192, 37, 25, 126]
            9-hatcore: [32, 80, 35, 115, 57, 153, 58, 27, 76, 79]
      item NO.: 856  father id: 813
      0-hatcore: []
        6-hatcore: [16]
          7-hatcore: [144, 97, 131, 21, 181, 42, 106]
            9-hatcore: [32, 80, 35, 115, 153, 57, 58, 27, 76, 79]
      item NO.: 699  father id: 813
      0-hatcore: []
        1-hatcore: [199]
          3-hatcore: [134, 135]
            5-hatcore: [99, 166, 23, 55, 9, 12, 46]
              6-hatcore: [16]
                7-hatcore: [97, 131, 197, 72, 170, 42, 106, 144, 82, 116, 181, 21, 22]
                  8-hatcore: [146, 178, 150, 10, 59, 188, 158, 31]
                    9-hatcore: [32, 80, 115, 35, 153, 57, 58, 27, 76, 79]
        item NO.: 792  father id: 699
        0-hatcore: []
          1-hatcore: [115, 199]
      item NO.: 848  father id: 813
      0-hatcore: []
        3-hatcore: [144, 134]
          5-hatcore: [16, 115, 166, 55, 9, 12]
        item NO.: 849  father id: 848
        0-hatcore: []
          3-hatcore: [144, 134]
            5-hatcore: [16, 115, 166, 55, 9, 12]
    item NO.: 557  father id: 581
    0-hatcore: []
      1-hatcore: [33, 199]
        2-hatcore: [65, 8]
          3-hatcore: [64, 98, 3, 164, 100, 134, 135, 107, 44, 109, 15, 144, 52, 85, 23]
            4-hatcore: [192, 17, 37, 133, 25, 186, 26, 187, 189, 141, 126]
              5-hatcore: [18, 51, 6, 166, 55, 9, 108]
                6-hatcore: [16]
                  7-hatcore: [161, 66, 197, 101, 72, 73, 170, 139, 82, 116, 86, 22, 90, 92, 28]
                    9-hatcore: [32, 35, 165, 71, 171, 76, 13, 79, 143, 80, 147, 153, 57, 58, 27, 159, 127]
                      14-hatcore: [113, 196, 38, 24, 122, 140, 12, 93, 61, 110]
                        15-hatcore: [193, 194, 162, 163, 198, 7, 103, 10, 43, 172, 45, 176, 117, 150, 185, 123, 59, 188, 157, 158, 30, 31]
                          23-hatcore: [96, 129, 34, 68, 69, 39, 136, 75, 173, 14, 50, 178, 83, 182, 151, 119, 152, 91, 190, 94]
                            28-hatcore: [128, 195, 67, 132, 5, 137, 74, 11, 78, 81, 145, 146, 149, 88, 29, 160, 104, 40, 169, 41, 175, 111, 48, 115, 180, 120, 56, 124, 62]
      13-hatcore: [54, 121, 155, 47]
        16-hatcore: [2, 130, 102, 167, 105, 77, 174, 49, 177, 19, 179, 20, 148, 118, 87, 183, 60]
      item NO.: 537  father id: 557
      0-hatcore: []
        13-hatcore: [54, 121, 155, 47]
          16-hatcore: [2, 130, 102, 167, 105, 77, 174, 49, 177, 19, 179, 148, 20, 118, 87, 183, 60]
        3-hatcore: [64, 144, 17, 85, 134, 135, 23, 107, 109]
          5-hatcore: [16, 18, 51, 6, 108]
            7-hatcore: [82, 116, 197, 22, 72, 170]
              9-hatcore: [32, 80, 35, 153, 57, 58, 27, 76, 79]
                15-hatcore: [193, 194, 162, 163, 198, 7, 103, 10, 43, 172, 45, 176, 178, 117, 150, 185, 59, 123, 188, 157, 30, 158, 31]
                  28-hatcore: [128, 67, 195, 132, 5, 137, 74, 11, 78, 145, 81, 146, 149, 88, 29, 160, 40, 104, 41, 169, 175, 111, 48, 115, 180, 56, 120, 124, 62]
        item NO.: 75  father id: 537
        0-hatcore: []
          13-hatcore: [54, 121, 155, 47]
            16-hatcore: [2, 130, 102, 167, 105, 77, 174, 49, 177, 179, 19, 20, 148, 118, 183, 87, 60]
          3-hatcore: [144, 134, 135, 23]
            5-hatcore: [16]
              7-hatcore: [82, 116, 197, 22, 72, 170]
                8-hatcore: [178, 146, 150, 10, 59, 188, 158, 31]
                  9-hatcore: [32, 80, 35, 115, 153, 57, 58, 27, 76, 79]
                    15-hatcore: [193, 194, 162, 163, 198, 7, 103, 43, 172, 45, 176, 117, 185, 123, 157, 30]
      item NO.: 826  father id: 557
      0-hatcore: []
        3-hatcore: [144, 134]
          5-hatcore: [16, 161, 66, 101, 86, 110]
            7-hatcore: [73, 90, 139, 28, 92]
              9-hatcore: [32, 80, 115, 35, 57, 153, 58, 27, 76, 79]
                15-hatcore: [193, 194, 162, 163, 198, 7, 103, 43, 172, 45, 176, 117, 185, 123, 157, 30]
        item NO.: 827  father id: 826
        0-hatcore: []
          5-hatcore: [161, 66, 101, 86, 110]
            7-hatcore: [115, 73, 90, 139, 28, 92]
              15-hatcore: [193, 194, 162, 163, 198, 7, 103, 43, 172, 45, 176, 117, 185, 123, 157, 30]
      item NO.: 554  father id: 557
      0-hatcore: []
        2-hatcore: [65, 115, 8]
        item NO.: 777  father id: 554
        0-hatcore: []
          2-hatcore: [65, 115, 8]
      item NO.: 542  father id: 557
      0-hatcore: []
        13-hatcore: [54, 121, 155, 47]
          16-hatcore: [2, 130, 102, 167, 105, 77, 174, 177, 49, 179, 19, 20, 148, 118, 87, 183, 60]
        1-hatcore: [33, 199]
          2-hatcore: [65, 8]
            3-hatcore: [144, 98, 3, 134, 23, 135, 107, 109]
              4-hatcore: [17, 133, 37, 26, 186, 187, 141, 189]
                5-hatcore: [16, 18, 51, 6, 108]
                  7-hatcore: [161, 66, 101, 197, 72, 73, 170, 139, 82, 116, 86, 22, 90, 92, 28]
                    9-hatcore: [32, 80, 35, 153, 57, 58, 27, 76, 79]
                      13-hatcore: [113, 196, 38, 24, 122, 140, 93, 61, 110]
                        15-hatcore: [193, 194, 162, 163, 198, 7, 103, 10, 43, 172, 45, 176, 117, 150, 185, 59, 123, 188, 157, 30, 158, 31]
                          23-hatcore: [96, 129, 34, 68, 69, 39, 136, 75, 173, 14, 178, 50, 83, 182, 151, 119, 152, 91, 94, 190]
                            28-hatcore: [128, 195, 67, 132, 5, 137, 74, 11, 78, 145, 81, 146, 149, 88, 29, 160, 104, 40, 41, 169, 175, 111, 48, 115, 180, 120, 56, 124, 62]
        item NO.: 536  father id: 542
        0-hatcore: []
          1-hatcore: [11]
            3-hatcore: [3]
              9-hatcore: [80, 32, 35, 115, 57, 153, 58, 27, 76, 79]
                15-hatcore: [193, 194, 162, 163, 198, 7, 103, 43, 172, 45, 176, 117, 185, 123, 157, 30]
        item NO.: 53  father id: 542
        0-hatcore: []
          2-hatcore: [65, 8]
            3-hatcore: [107, 109]
              5-hatcore: [161, 66, 18, 51, 101, 86, 6, 108]
                7-hatcore: [73, 90, 139, 28, 92, 110]
                  9-hatcore: [80, 32, 35, 57, 153, 58, 27, 76, 79]
                    15-hatcore: [193, 194, 162, 163, 198, 7, 103, 43, 172, 45, 176, 117, 185, 123, 157, 30]
                      28-hatcore: [128, 67, 195, 132, 5, 137, 74, 11, 78, 81, 145, 146, 149, 88, 29, 160, 104, 40, 41, 169, 111, 175, 48, 115, 180, 120, 56, 124, 62]
          16-hatcore: [2, 130, 102, 167, 105, 77, 174, 49, 177, 179, 19, 20, 148, 118, 87, 183, 60]
          item NO.: 55  father id: 53
          0-hatcore: []
            3-hatcore: [107, 109]
              5-hatcore: [18, 51, 6, 108]
                9-hatcore: [32, 80, 35, 153, 57, 58, 27, 76, 79]
                  28-hatcore: [128, 67, 195, 132, 5, 137, 74, 11, 78, 81, 145, 146, 149, 88, 29, 160, 40, 104, 41, 169, 111, 175, 48, 115, 180, 56, 120, 124, 62]
          item NO.: 54  father id: 53
          0-hatcore: []
            3-hatcore: [107, 109]
              5-hatcore: [18, 51, 6, 108]
                9-hatcore: [32, 80, 35, 153, 57, 58, 27, 76, 79]
                  28-hatcore: [128, 67, 195, 132, 5, 137, 74, 11, 78, 81, 145, 146, 149, 88, 29, 160, 40, 104, 41, 169, 111, 175, 48, 115, 180, 56, 120, 124, 62]
          item NO.: 56  father id: 53
          0-hatcore: []
            16-hatcore: [2, 130, 102, 167, 105, 77, 174, 49, 177, 179, 19, 20, 148, 118, 183, 87, 60]
            2-hatcore: [65, 8]
              5-hatcore: [161, 66, 101, 86, 110]
                7-hatcore: [115, 73, 90, 139, 28, 92]
                  15-hatcore: [193, 194, 162, 163, 198, 7, 103, 43, 172, 45, 176, 117, 185, 123, 157, 30]
        item NO.: 533  father id: 542
        0-hatcore: []
          7-hatcore: [82, 116, 197, 22, 72, 170]
            8-hatcore: [146, 178, 115, 150, 10, 59, 188, 158, 31]
        item NO.: 534  father id: 542
        0-hatcore: []
          2-hatcore: [65, 8]
            3-hatcore: [3, 107, 109]
              4-hatcore: [37, 133, 186, 26]
                5-hatcore: [18, 51, 6, 108]
                  7-hatcore: [161, 66, 101, 86, 73, 90, 139, 28, 92]
                    9-hatcore: [32, 80, 35, 57, 153, 58, 27, 76, 79]
                      13-hatcore: [113, 196, 38, 24, 122, 140, 61, 93, 110]
                        15-hatcore: [193, 162, 194, 163, 198, 103, 7, 10, 43, 172, 45, 176, 117, 150, 185, 59, 123, 188, 157, 158, 30, 31]
                          23-hatcore: [96, 129, 34, 68, 69, 39, 136, 75, 173, 14, 50, 178, 83, 182, 151, 119, 152, 91, 190, 94]
                            28-hatcore: [128, 67, 195, 132, 5, 137, 74, 11, 78, 145, 81, 146, 149, 88, 29, 160, 104, 40, 41, 169, 111, 175, 48, 115, 180, 120, 56, 124, 62]
          16-hatcore: [2, 130, 102, 167, 105, 77, 174, 177, 49, 19, 179, 20, 148, 118, 183, 87, 60]
          item NO.: 810  father id: 534
          0-hatcore: []
            2-hatcore: [65, 8]
              5-hatcore: [161, 66, 101, 86, 110]
                7-hatcore: [115, 73, 90, 139, 28, 92]
                  15-hatcore: [193, 194, 162, 163, 198, 7, 103, 43, 172, 45, 176, 117, 185, 123, 157, 30]
            16-hatcore: [2, 130, 102, 167, 105, 77, 174, 49, 177, 179, 19, 20, 148, 118, 183, 87, 60]
          item NO.: 807  father id: 534
          0-hatcore: []
            3-hatcore: [107, 109]
              5-hatcore: [18, 51, 6, 108]
                9-hatcore: [32, 80, 35, 153, 57, 58, 27, 76, 79]
                  28-hatcore: [128, 67, 195, 132, 5, 137, 74, 11, 78, 81, 145, 146, 149, 88, 29, 160, 40, 104, 41, 169, 111, 175, 48, 115, 180, 56, 120, 124, 62]
      item NO.: 762  father id: 557
      0-hatcore: []
        3-hatcore: [144, 134]
          4-hatcore: [192, 37, 25, 126]
            5-hatcore: [16]
              9-hatcore: [32, 80, 35, 115, 57, 153, 58, 27, 76, 79]
        item NO.: 763  father id: 762
        0-hatcore: []
          3-hatcore: [144, 134]
            4-hatcore: [192, 37, 25, 126]
              5-hatcore: [16]
                9-hatcore: [32, 80, 35, 115, 57, 153, 58, 27, 76, 79]
        item NO.: 764  father id: 762
        0-hatcore: []
          3-hatcore: [144, 134]
            4-hatcore: [192, 37, 25, 126]
              5-hatcore: [16]
                9-hatcore: [32, 80, 35, 115, 57, 153, 58, 27, 76, 79]
      item NO.: 820  father id: 557
      0-hatcore: []
        3-hatcore: [144, 134]
          5-hatcore: [16, 115, 166, 55, 9, 12]
      item NO.: 558  father id: 557
      0-hatcore: []
        2-hatcore: [98]
          3-hatcore: [144, 134, 23, 135]
            4-hatcore: [17, 187, 189, 141]
              5-hatcore: [16]
                7-hatcore: [82, 116, 197, 22, 72, 170]
                  9-hatcore: [32, 35, 10, 11, 76, 79, 80, 178, 146, 115, 150, 57, 153, 58, 59, 27, 188, 158, 31]
                    15-hatcore: [193, 194, 162, 163, 198, 103, 7, 43, 172, 45, 176, 117, 185, 123, 157, 30]
        13-hatcore: [54, 121, 155, 47]
          16-hatcore: [2, 130, 102, 167, 105, 77, 174, 49, 177, 179, 19, 20, 148, 118, 183, 87, 60]
        item NO.: 559  father id: 558
        0-hatcore: []
          13-hatcore: [54, 121, 155, 47]
            16-hatcore: [2, 130, 102, 167, 105, 77, 174, 49, 177, 179, 19, 20, 148, 118, 183, 87, 60]
          3-hatcore: [144, 134, 135, 23]
            5-hatcore: [16]
              7-hatcore: [82, 116, 197, 22, 72, 170]
                8-hatcore: [178, 146, 150, 10, 59, 188, 158, 31]
                  9-hatcore: [32, 80, 35, 115, 153, 57, 58, 27, 76, 79]
                    15-hatcore: [193, 194, 162, 163, 198, 7, 103, 43, 172, 45, 176, 117, 185, 123, 157, 30]
        item NO.: 72  father id: 558
        0-hatcore: []
          2-hatcore: [98]
            4-hatcore: [17, 115, 187, 189, 141]
              15-hatcore: [193, 162, 194, 163, 198, 7, 103, 43, 172, 45, 176, 117, 185, 123, 157, 30]
    item NO.: 517  father id: 581
    0-hatcore: []
      1-hatcore: [33, 11, 156]
        3-hatcore: [98, 99, 23, 46]
          4-hatcore: [192, 17, 37, 25, 187, 189, 141, 126]
            9-hatcore: [32, 35, 165, 71, 171, 76, 13, 143, 79, 80, 147, 115, 153, 57, 58, 27, 159, 127]
              15-hatcore: [193, 194, 162, 163, 198, 7, 103, 43, 172, 45, 176, 117, 185, 123, 157, 30]
      item NO.: 510  father id: 517
      0-hatcore: []
        1-hatcore: [33, 156]
          2-hatcore: [98]
            4-hatcore: [17, 187, 189, 141]
              9-hatcore: [80, 32, 35, 115, 153, 57, 58, 27, 76, 79]
                15-hatcore: [193, 194, 162, 163, 198, 7, 103, 43, 172, 45, 176, 117, 185, 123, 157, 30]
        item NO.: 512  father id: 510
        0-hatcore: [17]
          item NO.: 760  father id: 512
          0-hatcore: []
            2-hatcore: [98]
              4-hatcore: [17, 115, 187, 141, 189]
        item NO.: 511  father id: 510
        0-hatcore: []
          1-hatcore: [33]
            9-hatcore: [32, 80, 35, 115, 57, 153, 58, 27, 76, 79]
          item NO.: 757  father id: 511
          0-hatcore: []
            1-hatcore: [33]
              9-hatcore: [32, 80, 35, 115, 57, 153, 58, 27, 76, 79]
  item NO.: 567  father id: 1
  0-hatcore: []
    1-hatcore: [114]
      2-hatcore: [84, 125]
        3-hatcore: [64, 17, 85]
          5-hatcore: [112, 36, 53, 154, 63]
            7-hatcore: [161, 66, 101, 86, 28]
              9-hatcore: [80, 32, 35, 153, 57, 58, 27, 76, 79]
                13-hatcore: [113, 196, 38, 24, 122, 140, 93, 61, 110]
                  15-hatcore: [193, 194, 162, 163, 198, 7, 103, 10, 43, 172, 45, 176, 117, 150, 185, 123, 59, 188, 157, 30, 158, 31]
                    23-hatcore: [96, 129, 34, 68, 69, 39, 136, 75, 173, 14, 50, 178, 83, 182, 119, 151, 152, 91, 190, 94]
                      28-hatcore: [128, 67, 195, 132, 5, 137, 74, 11, 78, 145, 81, 146, 149, 88, 29, 160, 40, 104, 41, 169, 175, 111, 48, 115, 180, 120, 56, 124, 62]
    item NO.: 315  father id: 567
    0-hatcore: []
      1-hatcore: [114]
        2-hatcore: [84, 125]
          3-hatcore: [64, 17, 85]
            5-hatcore: [112, 36, 53, 154, 63]
              7-hatcore: [161, 66, 101, 86, 28]
                9-hatcore: [80, 32, 35, 153, 57, 58, 27, 76, 79]
                  13-hatcore: [113, 196, 38, 24, 122, 140, 93, 61, 110]
                    15-hatcore: [193, 194, 162, 163, 198, 7, 103, 10, 43, 172, 45, 176, 117, 150, 185, 123, 59, 188, 157, 30, 158, 31]
                      23-hatcore: [96, 129, 34, 68, 69, 39, 136, 75, 173, 14, 50, 178, 83, 182, 119, 151, 152, 91, 190, 94]
                        28-hatcore: [128, 67, 195, 132, 5, 137, 74, 11, 78, 145, 81, 146, 149, 88, 29, 160, 40, 104, 41, 169, 175, 111, 48, 115, 180, 120, 56, 124, 62]
      item NO.: 380  father id: 315
      0-hatcore: []
        3-hatcore: [64, 17, 85]
          9-hatcore: [32, 80, 35, 115, 57, 153, 58, 27, 76, 79]
      item NO.: 316  father id: 315
      0-hatcore: []
        3-hatcore: [64, 17, 85]
          9-hatcore: [32, 80, 35, 153, 57, 58, 27, 76, 79]
            11-hatcore: [113, 196, 38, 24, 122, 140, 93, 61]
              15-hatcore: [150, 10, 59, 188, 158, 31]
                23-hatcore: [96, 129, 34, 68, 69, 39, 136, 75, 173, 14, 50, 178, 83, 182, 119, 151, 152, 91, 94, 190]
                  28-hatcore: [128, 67, 195, 132, 5, 137, 74, 11, 78, 145, 81, 146, 149, 88, 29, 160, 104, 40, 41, 169, 111, 175, 48, 115, 180, 120, 56, 124, 62]
      item NO.: 307  father id: 315
      0-hatcore: []
        9-hatcore: [32, 80, 35, 153, 57, 58, 27, 76, 79]
          11-hatcore: [113, 196, 38, 24, 122, 140, 61, 93]
            15-hatcore: [150, 10, 59, 188, 158, 31]
              23-hatcore: [96, 129, 34, 68, 69, 39, 136, 75, 173, 14, 50, 178, 83, 182, 119, 151, 152, 91, 190, 94]
                28-hatcore: [128, 67, 195, 132, 5, 137, 74, 11, 78, 145, 81, 146, 149, 88, 29, 160, 104, 40, 41, 169, 111, 175, 48, 115, 180, 120, 56, 124, 62]
      item NO.: 1038  father id: 315
      0-hatcore: []
        2-hatcore: [84, 125]
          5-hatcore: [112, 161, 66, 36, 53, 101, 86, 154, 28, 110, 63]
            9-hatcore: [32, 80, 35, 115, 57, 153, 58, 27, 76, 79]
              15-hatcore: [193, 194, 162, 163, 198, 7, 103, 43, 172, 45, 176, 117, 185, 123, 157, 30]
    item NO.: 314  father id: 567
    0-hatcore: []
      7-hatcore: [161, 66, 101, 86, 28]
        9-hatcore: [32, 80, 35, 57, 153, 58, 27, 76, 79]
          12-hatcore: [129, 113, 196, 38, 24, 122, 140, 93, 61, 110]
            15-hatcore: [178, 150, 10, 59, 188, 158, 31]
              28-hatcore: [128, 67, 195, 132, 5, 137, 74, 11, 78, 145, 81, 146, 149, 88, 29, 160, 40, 104, 41, 169, 175, 111, 48, 115, 180, 56, 120, 124, 62]
      item NO.: 1078  father id: 314
      0-hatcore: []
        7-hatcore: [161, 66, 101, 10, 146, 178, 86, 150, 59, 28, 188, 158, 31]
          9-hatcore: [129, 113, 196, 38, 24, 122, 140, 61, 93, 110]
      item NO.: 573  father id: 314
      0-hatcore: []
        6-hatcore: [110]
          9-hatcore: [32, 80, 35, 153, 57, 58, 27, 76, 79]
            15-hatcore: [178, 150, 10, 59, 188, 158, 31]
              28-hatcore: [128, 67, 195, 132, 5, 137, 74, 11, 78, 81, 145, 146, 149, 88, 29, 160, 40, 104, 41, 169, 111, 175, 48, 115, 180, 56, 120, 124, 62]
  item NO.: 1676  father id: 1
  0-hatcore: []
    1-hatcore: [114, 11]
      3-hatcore: [64, 144, 17, 85, 134, 138]
        4-hatcore: [192, 37, 25, 126]
          5-hatcore: [16, 112, 161, 66, 36, 53, 101, 86, 154, 28, 110, 63]
            9-hatcore: [32, 35, 165, 71, 171, 76, 13, 143, 79, 80, 147, 115, 57, 153, 58, 27, 159, 127]
              15-hatcore: [193, 194, 162, 163, 198, 7, 103, 43, 172, 45, 176, 117, 185, 123, 157, 30]
    item NO.: 1755  father id: 1676
    0-hatcore: []
      1-hatcore: [114]
        4-hatcore: [115]
          15-hatcore: [193, 162, 194, 163, 198, 7, 103, 43, 172, 45, 176, 117, 185, 123, 157, 30]
      item NO.: 1744  father id: 1755
      0-hatcore: [115]
      item NO.: 1743  father id: 1755
      0-hatcore: []
        1-hatcore: [114, 115]
      item NO.: 1745  father id: 1755
      0-hatcore: []
        1-hatcore: [114, 115]
    item NO.: 1677  father id: 1676
    0-hatcore: []
      1-hatcore: [193, 11]
        2-hatcore: [138]
          3-hatcore: [64, 144, 17, 85, 134]
            4-hatcore: [192, 37, 25, 126]
              5-hatcore: [112, 16, 161, 66, 36, 53, 101, 86, 154, 28, 110, 63]
                9-hatcore: [32, 35, 165, 71, 171, 76, 13, 79, 143, 80, 115, 147, 57, 153, 58, 27, 127, 159]
      item NO.: 1726  father id: 1677
      0-hatcore: []
        1-hatcore: [11]
          3-hatcore: [144, 134]
            5-hatcore: [16]
              9-hatcore: [32, 80, 35, 115, 57, 153, 58, 27, 76, 79]
        item NO.: 1190  father id: 1726
        0-hatcore: []
          3-hatcore: [16, 144, 115, 134]
      item NO.: 1721  father id: 1677
      0-hatcore: []
        1-hatcore: [193, 11]
          2-hatcore: [138]
            3-hatcore: [144, 134]
              4-hatcore: [192, 37, 25, 126]
                5-hatcore: [112, 16, 161, 66, 36, 53, 101, 86, 154, 28, 110, 63]
                  9-hatcore: [32, 35, 165, 71, 171, 76, 13, 79, 143, 80, 115, 147, 57, 153, 58, 27, 127, 159]
        item NO.: 1722  father id: 1721
        0-hatcore: []
          3-hatcore: [144, 134]
            4-hatcore: [192, 37, 25, 126]
              5-hatcore: [16]
                9-hatcore: [32, 80, 35, 115, 57, 153, 58, 27, 76, 79]
      item NO.: 1678  father id: 1677
      0-hatcore: []
        1-hatcore: [138]
          9-hatcore: [32, 80, 35, 115, 57, 153, 58, 27, 76, 79]
        item NO.: 1682  father id: 1678
        0-hatcore: [115]
        item NO.: 1681  father id: 1678
        0-hatcore: []
          1-hatcore: [138]
            9-hatcore: [32, 80, 35, 115, 57, 153, 58, 27, 76, 79]
      item NO.: 1728  father id: 1677
      0-hatcore: []
        1-hatcore: [11]
          9-hatcore: [32, 80, 35, 115, 57, 153, 58, 27, 76, 79]
        item NO.: 1720  father id: 1728
        0-hatcore: []
          1-hatcore: [138]
            9-hatcore: [32, 80, 35, 115, 57, 153, 58, 27, 76, 79]
    item NO.: 1706  father id: 1676
    0-hatcore: []
      9-hatcore: [32, 35, 165, 71, 171, 76, 13, 79, 143, 80, 115, 147, 57, 153, 58, 27, 127, 159]
      item NO.: 1712  father id: 1706
      0-hatcore: []
        9-hatcore: [32, 35, 165, 71, 171, 76, 13, 79, 143, 80, 115, 147, 57, 153, 58, 27, 127, 159]
  item NO.: 1608  father id: 1
  0-hatcore: []
    2-hatcore: [98, 138]
      3-hatcore: [144, 100, 164, 134, 107, 44, 109]
        4-hatcore: [17, 187, 189, 141]
          5-hatcore: [16, 18, 51, 6, 184, 89, 108, 142, 95, 191]
            9-hatcore: [32, 80, 35, 153, 57, 58, 27, 76, 79]
              28-hatcore: [128, 67, 195, 132, 5, 137, 74, 11, 78, 145, 81, 146, 149, 88, 29, 160, 40, 104, 41, 169, 175, 111, 48, 115, 180, 56, 120, 124, 62]
    item NO.: 1553  father id: 1608
    0-hatcore: []
      1-hatcore: [138]
        9-hatcore: [32, 80, 35, 115, 57, 153, 58, 27, 76, 79]
      item NO.: 1547  father id: 1553
      0-hatcore: []
        1-hatcore: [138]
          9-hatcore: [32, 80, 35, 115, 57, 153, 58, 27, 76, 79]
        item NO.: 1528  father id: 1547
        0-hatcore: []
          1-hatcore: [138]
            9-hatcore: [32, 80, 35, 115, 57, 153, 58, 27, 76, 79]
        item NO.: 1530  father id: 1547
        0-hatcore: []
          6-hatcore: [16]
            7-hatcore: [144, 97, 131, 21, 181, 42, 106]
              9-hatcore: [32, 80, 35, 115, 153, 57, 58, 27, 76, 79]
      item NO.: 1554  father id: 1553
      0-hatcore: [115]
        item NO.: 1555  father id: 1554
        0-hatcore: [115]
    item NO.: 940  father id: 1608
    0-hatcore: []
      2-hatcore: [98]
        3-hatcore: [107, 109]
          4-hatcore: [17, 187, 141, 189]
            5-hatcore: [18, 51, 6, 108]
              9-hatcore: [32, 80, 35, 57, 153, 58, 27, 76, 79]
                28-hatcore: [128, 67, 195, 132, 5, 137, 74, 11, 78, 145, 81, 146, 149, 88, 29, 160, 40, 104, 41, 169, 175, 111, 48, 115, 180, 56, 120, 124, 62]
    item NO.: 1816  father id: 1608
    0-hatcore: []
      3-hatcore: [144, 100, 164, 134, 44]
        5-hatcore: [16]
          9-hatcore: [32, 80, 35, 115, 57, 153, 58, 27, 76, 79]
      item NO.: 1802  father id: 1816
      0-hatcore: []
        3-hatcore: [144, 100, 164, 134, 44]
          5-hatcore: [16]
            9-hatcore: [32, 80, 35, 115, 57, 153, 58, 27, 76, 79]
        item NO.: 1803  father id: 1802
        0-hatcore: []
          3-hatcore: [100, 164, 44]
            9-hatcore: [32, 80, 35, 115, 57, 153, 58, 27, 76, 79]
    item NO.: 1638  father id: 1608
    0-hatcore: [115]
      item NO.: 1660  father id: 1638
      0-hatcore: [115]
    item NO.: 1582  father id: 1608
    0-hatcore: []
      2-hatcore: [98]
        4-hatcore: [17, 187, 189, 141]
          5-hatcore: [184, 89, 142, 95, 191]
            9-hatcore: [32, 80, 35, 115, 57, 153, 58, 27, 76, 79]
      item NO.: 1583  father id: 1582
      0-hatcore: []
        2-hatcore: [98]
          4-hatcore: [17, 187, 189, 141]
            5-hatcore: [184, 89, 142, 95, 191]
              9-hatcore: [32, 80, 35, 115, 57, 153, 58, 27, 76, 79]
  item NO.: 1749  father id: 1
  0-hatcore: []
    1-hatcore: [33, 11, 156]
      2-hatcore: [65, 8, 138]
        3-hatcore: [100, 164, 44]
          9-hatcore: [32, 35, 165, 71, 171, 76, 13, 79, 143, 80, 115, 147, 57, 153, 58, 27, 127, 159]
            15-hatcore: [193, 194, 162, 163, 198, 7, 103, 43, 172, 45, 176, 117, 185, 123, 157, 30]
    item NO.: 1776  father id: 1749
    0-hatcore: []
      1-hatcore: [33, 11]
        2-hatcore: [65, 8]
          9-hatcore: [32, 80, 35, 115, 57, 153, 58, 27, 76, 79]
      item NO.: 125  father id: 1776
      0-hatcore: []
        1-hatcore: [11]
          9-hatcore: [32, 80, 35, 115, 57, 153, 58, 27, 76, 79]
      item NO.: 1783  father id: 1776
      0-hatcore: []
        1-hatcore: [33, 156]
          2-hatcore: [65, 8]
            3-hatcore: [100, 164, 44]
              9-hatcore: [32, 80, 35, 115, 57, 153, 58, 27, 76, 79]
        item NO.: 1770  father id: 1783
        0-hatcore: []
          2-hatcore: [65, 115, 8]
        item NO.: 1768  father id: 1783
        0-hatcore: []
          1-hatcore: [33]
            9-hatcore: [32, 80, 35, 115, 57, 153, 58, 27, 76, 79]
    item NO.: 1740  father id: 1749
    0-hatcore: []
      2-hatcore: [65, 8, 138]
        9-hatcore: [32, 35, 165, 71, 171, 76, 13, 79, 143, 80, 147, 115, 57, 153, 58, 27, 127, 159]
          15-hatcore: [193, 194, 162, 163, 198, 7, 103, 43, 172, 45, 176, 117, 185, 123, 157, 30]
      item NO.: 1784  father id: 1740
      0-hatcore: []
        2-hatcore: [65, 115, 8]
      item NO.: 854  father id: 1740
      0-hatcore: []
        9-hatcore: [32, 35, 165, 71, 171, 76, 13, 79, 143, 80, 115, 147, 57, 153, 58, 27, 127, 159]
    item NO.: 161  father id: 1749
    0-hatcore: []
      3-hatcore: [100, 164, 44]
        9-hatcore: [32, 80, 35, 115, 57, 153, 58, 27, 76, 79]
    item NO.: 115  father id: 1749
    0-hatcore: []
      1-hatcore: [11]
        9-hatcore: [32, 80, 35, 115, 57, 153, 58, 27, 76, 79]
      item NO.: 108  father id: 115
      0-hatcore: []
        1-hatcore: [11]
          9-hatcore: [32, 80, 35, 115, 57, 153, 58, 27, 76, 79]
        item NO.: 111  father id: 108
        0-hatcore: []
          1-hatcore: [11]
            9-hatcore: [32, 80, 35, 115, 57, 153, 58, 27, 76, 79]
  item NO.: 579  father id: 1
  0-hatcore: []
    16-hatcore: [2, 130, 102, 167, 105, 77, 174, 177, 49, 179, 19, 20, 148, 118, 183, 87, 60]
    3-hatcore: [98, 18, 107, 109]
      4-hatcore: [17, 133, 37, 26, 186, 187, 141, 189]
        5-hatcore: [184, 89, 142, 95, 191]
          9-hatcore: [32, 80, 115, 35, 153, 57, 58, 27, 76, 79]
    item NO.: 962  father id: 579
    0-hatcore: []
      16-hatcore: [2, 130, 102, 167, 105, 77, 174, 49, 177, 19, 179, 20, 148, 118, 183, 87, 60]
      3-hatcore: [98]
        4-hatcore: [17, 133, 37, 26, 186, 187, 141, 189]
          5-hatcore: [184, 89, 142, 95, 191]
            9-hatcore: [32, 80, 35, 115, 153, 57, 58, 27, 76, 79]
      item NO.: 955  father id: 962
      0-hatcore: []
        3-hatcore: [98]
          4-hatcore: [17, 37, 133, 26, 186, 187, 189, 141]
            5-hatcore: [184, 89, 142, 95, 191]
              9-hatcore: [32, 80, 35, 115, 153, 57, 58, 27, 76, 79]
        item NO.: 956  father id: 955
        0-hatcore: []
          3-hatcore: [98]
            4-hatcore: [17, 37, 133, 26, 186, 187, 189, 141]
              5-hatcore: [184, 89, 142, 95, 191]
                9-hatcore: [32, 80, 35, 115, 153, 57, 58, 27, 76, 79]
    item NO.: 1285  father id: 579
    0-hatcore: [115]
    item NO.: 1006  father id: 579
    0-hatcore: []
      3-hatcore: [18, 107, 109]
        4-hatcore: [37, 133, 186, 26]
          9-hatcore: [32, 80, 35, 115, 57, 153, 58, 27, 76, 79]
  item NO.: 1846  father id: 1
  0-hatcore: []
    2-hatcore: [138]
      3-hatcore: [144, 134]
        5-hatcore: [16]
          9-hatcore: [32, 80, 35, 153, 57, 58, 27, 76, 79]
            28-hatcore: [128, 67, 195, 132, 5, 137, 74, 11, 78, 81, 145, 146, 149, 88, 29, 160, 40, 104, 41, 169, 111, 175, 48, 115, 180, 56, 120, 124, 62]
    item NO.: 1878  father id: 1846
    0-hatcore: []
      3-hatcore: [144, 134]
        5-hatcore: [16]
          9-hatcore: [32, 80, 35, 153, 57, 58, 27, 76, 79]
            28-hatcore: [128, 67, 195, 132, 5, 137, 74, 11, 78, 81, 145, 146, 149, 88, 29, 160, 40, 104, 41, 169, 111, 175, 48, 115, 180, 56, 120, 124, 62]
    item NO.: 1869  father id: 1846
    0-hatcore: []
      3-hatcore: [16, 144, 115, 134]
    item NO.: 1847  father id: 1846
    0-hatcore: []
      2-hatcore: [144]
        5-hatcore: [16]
          9-hatcore: [32, 80, 35, 115, 57, 153, 58, 27, 76, 79]
      item NO.: 1838  father id: 1847
      0-hatcore: []
        2-hatcore: [144]
          5-hatcore: [16]
            9-hatcore: [32, 80, 35, 115, 57, 153, 58, 27, 76, 79]
    item NO.: 1700  father id: 1846
    0-hatcore: []
      2-hatcore: [138]
        3-hatcore: [144, 134]
          5-hatcore: [16]
            9-hatcore: [32, 80, 35, 115, 57, 153, 58, 27, 76, 79]
      item NO.: 1698  father id: 1700
      0-hatcore: []
        2-hatcore: [138]
          3-hatcore: [144, 134]
            5-hatcore: [16]
              9-hatcore: [32, 80, 35, 115, 57, 153, 58, 27, 76, 79]
        item NO.: 1687  father id: 1698
        0-hatcore: []
          2-hatcore: [138]
            3-hatcore: [144, 134]
              5-hatcore: [16]
                9-hatcore: [32, 80, 35, 115, 57, 153, 58, 27, 76, 79]
  item NO.: 620  father id: 1
  0-hatcore: []
    2-hatcore: [138]
      5-hatcore: [112, 161, 66, 115, 36, 101, 53, 86, 154, 28, 110, 63]
        15-hatcore: [193, 194, 162, 163, 198, 7, 103, 43, 172, 45, 176, 117, 185, 123, 157, 30]
    item NO.: 465  father id: 620
    0-hatcore: [193]
      item NO.: 456  father id: 465
      0-hatcore: [193]
    item NO.: 626  father id: 620
    0-hatcore: [193]
    item NO.: 477  father id: 620
    0-hatcore: []
      4-hatcore: [115]
        15-hatcore: [193, 162, 194, 163, 198, 7, 103, 43, 172, 45, 176, 117, 185, 123, 157, 30]
    item NO.: 621  father id: 620
    0-hatcore: []
      5-hatcore: [112, 161, 66, 36, 53, 101, 86, 154, 28, 110, 63]
  item NO.: 483  father id: 1
  0-hatcore: []
    2-hatcore: [138]
      3-hatcore: [98, 134, 189]
        4-hatcore: [192, 37, 25, 126]
          5-hatcore: [99, 23, 46]
            6-hatcore: [16]
              7-hatcore: [144, 97, 131, 21, 181, 42, 106]
                9-hatcore: [32, 80, 35, 115, 153, 57, 58, 27, 76, 79]
    13-hatcore: [54, 121, 155, 47]
      16-hatcore: [2, 130, 102, 167, 105, 77, 174, 49, 177, 19, 179, 20, 148, 118, 87, 183, 60]
    item NO.: 484  father id: 483
    0-hatcore: []
      2-hatcore: [138]
        3-hatcore: [144, 98, 134, 189]
          4-hatcore: [192, 37, 25, 126]
            5-hatcore: [16]
              9-hatcore: [32, 80, 35, 115, 153, 57, 58, 27, 76, 79]
      13-hatcore: [54, 121, 155, 47]
        16-hatcore: [2, 130, 102, 167, 105, 77, 174, 49, 177, 179, 19, 20, 148, 118, 183, 87, 60]
      item NO.: 487  father id: 484
      0-hatcore: []
        2-hatcore: [138]
          3-hatcore: [144, 134]
            5-hatcore: [16]
              9-hatcore: [32, 80, 35, 115, 57, 153, 58, 27, 76, 79]
        item NO.: 846  father id: 487
        0-hatcore: []
          2-hatcore: [138]
            3-hatcore: [144, 134]
              5-hatcore: [16]
                9-hatcore: [32, 80, 35, 115, 57, 153, 58, 27, 76, 79]
      item NO.: 479  father id: 484
      0-hatcore: []
        3-hatcore: [98, 189]
          4-hatcore: [192, 37, 25, 126]
            9-hatcore: [32, 80, 35, 115, 57, 153, 58, 27, 76, 79]
        item NO.: 352  father id: 479
        0-hatcore: []
          3-hatcore: [98, 189]
            4-hatcore: [192, 37, 25, 126]
              9-hatcore: [32, 80, 35, 115, 57, 153, 58, 27, 76, 79]
    item NO.: 480  father id: 483
    0-hatcore: []
      2-hatcore: [144]
        5-hatcore: [16]
          9-hatcore: [32, 80, 35, 115, 57, 153, 58, 27, 76, 79]
    item NO.: 524  father id: 483
    0-hatcore: []
      4-hatcore: [192, 37, 25, 126]
        5-hatcore: [99, 23, 46]
          6-hatcore: [16]
            7-hatcore: [144, 97, 131, 181, 21, 42, 106]
              9-hatcore: [80, 32, 115, 35, 57, 153, 58, 27, 76, 79]
      item NO.: 526  father id: 524
      0-hatcore: []
        4-hatcore: [192, 37, 25, 126]
          5-hatcore: [99, 23, 46]
            6-hatcore: [16]
              7-hatcore: [144, 97, 131, 181, 21, 42, 106]
                9-hatcore: [80, 32, 115, 35, 57, 153, 58, 27, 76, 79]
        item NO.: 353  father id: 526
        0-hatcore: []
          3-hatcore: [99, 23, 46]
            4-hatcore: [192, 37, 25, 126]
              9-hatcore: [32, 80, 35, 115, 57, 153, 58, 27, 76, 79]
  item NO.: 1309  father id: 1
  0-hatcore: []
    1-hatcore: [33, 193, 168]
      2-hatcore: [138]
        3-hatcore: [64, 144, 98, 85, 134, 107, 109]
          4-hatcore: [192, 17, 37, 133, 25, 186, 26, 187, 12, 141, 189, 126]
            5-hatcore: [16, 18, 51, 6, 184, 89, 108, 142, 191, 95]
              7-hatcore: [82, 116, 197, 22, 72, 170]
                9-hatcore: [80, 32, 35, 153, 57, 58, 27, 76, 79]
                  15-hatcore: [178, 150, 10, 59, 188, 158, 31]
                    28-hatcore: [128, 67, 195, 132, 5, 137, 74, 11, 78, 81, 145, 146, 149, 88, 29, 160, 104, 40, 41, 169, 111, 175, 48, 115, 180, 120, 56, 124, 62]
    item NO.: 1392  father id: 1309
    0-hatcore: []
      2-hatcore: [138]
        3-hatcore: [64, 144, 17, 85, 134, 107, 109]
          5-hatcore: [16, 18, 51, 6, 108]
            7-hatcore: [82, 116, 197, 22, 72, 170]
              9-hatcore: [80, 32, 35, 153, 57, 58, 27, 76, 79]
                15-hatcore: [178, 150, 10, 59, 188, 158, 31]
                  28-hatcore: [128, 67, 195, 132, 5, 137, 74, 11, 78, 145, 81, 146, 149, 88, 29, 160, 40, 104, 41, 169, 175, 111, 48, 115, 180, 56, 120, 124, 62]
      item NO.: 1393  father id: 1392
      0-hatcore: []
        2-hatcore: [138]
          3-hatcore: [144, 134]
            5-hatcore: [16]
              9-hatcore: [32, 80, 35, 115, 57, 153, 58, 27, 76, 79]
        item NO.: 1385  father id: 1393
        0-hatcore: []
          2-hatcore: [138]
            3-hatcore: [144, 134]
              5-hatcore: [16]
                9-hatcore: [32, 80, 35, 115, 57, 153, 58, 27, 76, 79]
      item NO.: 1417  father id: 1392
      0-hatcore: []
        3-hatcore: [64, 17, 85, 107, 109]
          5-hatcore: [18, 51, 6, 108]
            7-hatcore: [82, 116, 197, 22, 72, 170]
              9-hatcore: [32, 80, 35, 57, 153, 58, 27, 76, 79]
                15-hatcore: [178, 150, 10, 59, 188, 158, 31]
                  28-hatcore: [128, 67, 195, 132, 5, 137, 74, 11, 78, 145, 81, 146, 149, 88, 29, 160, 40, 104, 41, 169, 175, 111, 48, 115, 180, 56, 120, 124, 62]
        item NO.: 1578  father id: 1417
        0-hatcore: []
          3-hatcore: [64, 17, 85, 107, 109]
            5-hatcore: [18, 51, 6, 108]
              7-hatcore: [82, 116, 197, 22, 72, 170]
                9-hatcore: [32, 80, 35, 57, 153, 58, 27, 76, 79]
                  15-hatcore: [178, 150, 10, 59, 188, 158, 31]
                    28-hatcore: [128, 67, 195, 132, 5, 137, 74, 11, 78, 145, 81, 146, 149, 88, 29, 160, 40, 104, 41, 169, 175, 111, 48, 115, 180, 56, 120, 124, 62]
        item NO.: 1096  father id: 1417
        0-hatcore: []
          7-hatcore: [82, 116, 197, 22, 72, 170]
            8-hatcore: [146, 178, 115, 150, 10, 59, 188, 158, 31]
    item NO.: 1573  father id: 1309
    0-hatcore: []
      1-hatcore: [193, 168]
      item NO.: 1558  father id: 1573
      0-hatcore: []
        1-hatcore: [193, 168]
        item NO.: 1606  father id: 1558
        0-hatcore: []
          1-hatcore: [193, 168]
    item NO.: 1310  father id: 1309
    0-hatcore: []
      2-hatcore: [138]
        3-hatcore: [144, 98, 134, 107, 109]
          4-hatcore: [192, 17, 133, 37, 25, 186, 26, 187, 12, 189, 141, 126]
            5-hatcore: [16, 18, 51, 6, 184, 89, 108, 142, 95, 191]
              9-hatcore: [80, 32, 35, 153, 57, 58, 27, 76, 79]
                28-hatcore: [128, 67, 195, 132, 5, 137, 74, 11, 78, 145, 81, 146, 149, 88, 29, 160, 40, 104, 41, 169, 175, 111, 48, 115, 180, 120, 56, 124, 62]
      item NO.: 1316  father id: 1310
      0-hatcore: []
        2-hatcore: [138]
          3-hatcore: [144, 134]
            5-hatcore: [16]
              9-hatcore: [32, 80, 35, 115, 57, 153, 58, 27, 76, 79]
      item NO.: 1302  father id: 1310
      0-hatcore: []
        3-hatcore: [98, 107, 12, 109]
          4-hatcore: [192, 17, 133, 37, 25, 26, 186, 187, 189, 141, 126]
            5-hatcore: [18, 51, 6, 184, 89, 108, 142, 95, 191]
              9-hatcore: [80, 32, 35, 153, 57, 58, 27, 76, 79]
                28-hatcore: [128, 67, 195, 132, 5, 137, 74, 11, 78, 145, 81, 146, 149, 88, 29, 160, 40, 104, 41, 169, 175, 111, 48, 115, 180, 56, 120, 124, 62]
        item NO.: 1303  father id: 1302
        0-hatcore: []
          1-hatcore: [11, 12]
            3-hatcore: [98, 189]
              4-hatcore: [192, 37, 133, 25, 186, 26, 126]
                5-hatcore: [184, 89, 142, 191, 95]
                  9-hatcore: [80, 32, 35, 115, 57, 153, 58, 27, 76, 79]
    item NO.: 1307  father id: 1309
    0-hatcore: []
      1-hatcore: [193, 168]
      item NO.: 1296  father id: 1307
      0-hatcore: [193]
      item NO.: 1308  father id: 1307
      0-hatcore: []
        1-hatcore: [193, 168]
        item NO.: 1294  father id: 1308
        0-hatcore: []
          1-hatcore: [193, 168]
    item NO.: 1355  father id: 1309
    0-hatcore: []
      1-hatcore: [33]
        2-hatcore: [138]
          3-hatcore: [144, 98, 134]
            4-hatcore: [17, 133, 37, 186, 26, 187, 141, 189]
              5-hatcore: [16, 184, 89, 142, 95, 191]
                9-hatcore: [32, 80, 35, 115, 57, 153, 58, 27, 76, 79]
      item NO.: 1369  father id: 1355
      0-hatcore: []
        2-hatcore: [138]
          3-hatcore: [144, 134]
            5-hatcore: [16]
              9-hatcore: [32, 80, 35, 115, 57, 153, 58, 27, 76, 79]
        item NO.: 1402  father id: 1369
        0-hatcore: []
          2-hatcore: [138]
            3-hatcore: [144, 134]
              5-hatcore: [16]
                9-hatcore: [32, 80, 35, 115, 57, 153, 58, 27, 76, 79]
      item NO.: 1377  father id: 1355
      0-hatcore: []
        1-hatcore: [33]
          4-hatcore: [37, 133, 186, 26]
            5-hatcore: [184, 89, 142, 95, 191]
              9-hatcore: [32, 80, 35, 115, 57, 153, 58, 27, 76, 79]
        item NO.: 1371  father id: 1377
        0-hatcore: []
          1-hatcore: [33]
            4-hatcore: [37, 133, 186, 26]
              5-hatcore: [184, 89, 142, 95, 191]
                9-hatcore: [32, 80, 35, 115, 57, 153, 58, 27, 76, 79]
  item NO.: 423  father id: 1
  0-hatcore: []
    1-hatcore: [114, 4, 168]
      2-hatcore: [84, 125]
        3-hatcore: [144, 134, 138]
          5-hatcore: [112, 36, 53, 166, 55, 9, 154, 63]
            6-hatcore: [16, 161, 66, 101, 86, 28]
              9-hatcore: [32, 35, 165, 71, 171, 76, 13, 79, 143, 80, 147, 57, 153, 58, 27, 127, 159]
                14-hatcore: [129, 113, 196, 38, 24, 122, 140, 12, 61, 93, 110]
                  15-hatcore: [193, 194, 162, 163, 198, 7, 103, 43, 172, 45, 176, 117, 185, 123, 157, 30]
                    28-hatcore: [128, 67, 195, 132, 5, 137, 74, 11, 78, 145, 81, 146, 149, 88, 29, 160, 40, 104, 41, 169, 175, 111, 48, 115, 180, 120, 56, 124, 62]
    13-hatcore: [54, 121, 155, 47]
      16-hatcore: [2, 130, 102, 167, 105, 77, 174, 177, 49, 19, 179, 20, 148, 118, 183, 87, 60]
    item NO.: 422  father id: 423
    0-hatcore: []
      1-hatcore: [193, 168]
      13-hatcore: [54, 121, 155, 47]
        16-hatcore: [2, 130, 102, 167, 105, 77, 174, 49, 177, 19, 179, 20, 148, 118, 87, 183, 60]
      item NO.: 272  father id: 422
      0-hatcore: []
        1-hatcore: [193, 168]
      item NO.: 240  father id: 422
      0-hatcore: []
        13-hatcore: [54, 121, 155, 47]
          16-hatcore: [2, 130, 102, 167, 105, 77, 174, 49, 177, 19, 179, 20, 148, 118, 87, 183, 60]
        item NO.: 225  father id: 240
        0-hatcore: []
          13-hatcore: [54, 121, 155, 47]
            16-hatcore: [2, 130, 102, 167, 105, 77, 174, 49, 177, 19, 179, 20, 148, 118, 87, 183, 60]
          item NO.: 229  father id: 225
          0-hatcore: []
            13-hatcore: [54, 121, 155, 47]
              16-hatcore: [2, 130, 102, 167, 105, 77, 174, 49, 177, 19, 179, 20, 148, 118, 87, 183, 60]
        item NO.: 241  father id: 240
        0-hatcore: []
          13-hatcore: [54, 121, 155, 47]
            16-hatcore: [2, 130, 102, 167, 105, 77, 174, 49, 177, 19, 179, 20, 148, 118, 87, 183, 60]
    item NO.: 356  father id: 423
    0-hatcore: []
      1-hatcore: [114, 4]
        2-hatcore: [84, 125]
          3-hatcore: [144, 134, 138]
            5-hatcore: [112, 36, 53, 166, 55, 9, 154, 63]
              6-hatcore: [16, 161, 66, 101, 86, 28]
                9-hatcore: [32, 35, 165, 71, 171, 76, 13, 79, 143, 80, 147, 153, 57, 58, 27, 127, 159]
                  14-hatcore: [129, 113, 196, 38, 24, 122, 12, 140, 61, 93, 110]
                    15-hatcore: [193, 162, 194, 163, 198, 7, 103, 43, 172, 45, 176, 117, 185, 123, 157, 30]
                      28-hatcore: [128, 67, 195, 132, 5, 137, 74, 11, 78, 81, 145, 146, 149, 88, 29, 160, 104, 40, 41, 169, 111, 175, 48, 115, 180, 120, 56, 124, 62]
      item NO.: 357  father id: 356
      0-hatcore: []
        1-hatcore: [4]
          2-hatcore: [84, 125]
            4-hatcore: [166, 55, 9]
              9-hatcore: [32, 80, 35, 153, 57, 58, 27, 76, 79]
                14-hatcore: [113, 129, 196, 38, 24, 122, 12, 140, 93, 61, 110]
                  15-hatcore: [193, 194, 162, 163, 198, 7, 103, 43, 172, 45, 176, 117, 185, 123, 157, 30]
                    28-hatcore: [128, 67, 195, 132, 5, 137, 74, 11, 78, 145, 81, 146, 149, 88, 29, 160, 40, 104, 41, 169, 175, 111, 48, 115, 180, 120, 56, 124, 62]
        item NO.: 413  father id: 357
        0-hatcore: []
          1-hatcore: [4]
            2-hatcore: [84, 125]
              4-hatcore: [166, 55, 9]
                9-hatcore: [32, 80, 35, 153, 57, 58, 27, 76, 79]
                  14-hatcore: [113, 129, 196, 38, 24, 122, 12, 140, 93, 61, 110]
                    15-hatcore: [193, 194, 162, 163, 198, 7, 103, 43, 172, 45, 176, 117, 185, 123, 157, 30]
                      28-hatcore: [128, 67, 195, 132, 5, 137, 74, 11, 78, 145, 81, 146, 149, 88, 29, 160, 40, 104, 41, 169, 175, 111, 48, 115, 180, 120, 56, 124, 62]
          item NO.: 405  father id: 413
          0-hatcore: []
            1-hatcore: [115, 4]
            item NO.: 395  father id: 405
            0-hatcore: []
              1-hatcore: [115, 4]
      item NO.: 419  father id: 356
      0-hatcore: []
        1-hatcore: [114, 4]
          2-hatcore: [84, 125]
            9-hatcore: [32, 80, 35, 115, 57, 153, 58, 27, 76, 79]
        item NO.: 418  father id: 419
        0-hatcore: []
          2-hatcore: [84, 125]
            9-hatcore: [32, 80, 35, 115, 57, 153, 58, 27, 76, 79]
        item NO.: 420  father id: 419
        0-hatcore: []
          1-hatcore: [114, 115]
        item NO.: 421  father id: 419
        0-hatcore: []
          1-hatcore: [115, 4]
      item NO.: 387  father id: 356
      0-hatcore: []
        1-hatcore: [4, 11]
          2-hatcore: [138]
            3-hatcore: [144, 134]
              5-hatcore: [16, 112, 161, 66, 36, 101, 53, 86, 154, 28, 110, 63]
                9-hatcore: [32, 35, 165, 71, 171, 76, 13, 79, 143, 80, 147, 115, 57, 153, 58, 27, 127, 159]
        item NO.: 388  father id: 387
        0-hatcore: []
          2-hatcore: [138]
            3-hatcore: [144, 134]
              5-hatcore: [16]
                9-hatcore: [32, 80, 35, 115, 57, 153, 58, 27, 76, 79]
        item NO.: 312  father id: 387
        0-hatcore: []
          1-hatcore: [4, 138, 11]
            5-hatcore: [112, 161, 66, 36, 101, 53, 86, 154, 28, 110, 63]
              9-hatcore: [32, 35, 165, 71, 171, 76, 13, 79, 143, 80, 147, 115, 153, 57, 58, 27, 127, 159]
          item NO.: 1725  father id: 312
          0-hatcore: []
            1-hatcore: [138]
              9-hatcore: [32, 80, 35, 115, 57, 153, 58, 27, 76, 79]
          item NO.: 1127  father id: 312
          0-hatcore: []
            1-hatcore: [11]
              9-hatcore: [32, 80, 35, 115, 57, 153, 58, 27, 76, 79]
  item NO.: 1072  father id: 1
  0-hatcore: []
    3-hatcore: [134, 138]
      6-hatcore: [16]
        7-hatcore: [144, 97, 161, 66, 131, 21, 101, 181, 86, 106, 42, 28]
          9-hatcore: [32, 80, 35, 57, 153, 58, 27, 76, 79]
            13-hatcore: [129, 113, 196, 38, 24, 122, 140, 93, 61, 110]
              15-hatcore: [193, 194, 162, 163, 198, 7, 103, 10, 43, 172, 45, 176, 178, 117, 150, 185, 123, 59, 188, 157, 30, 158, 31]
                28-hatcore: [128, 67, 195, 132, 5, 137, 74, 11, 78, 145, 81, 146, 149, 88, 29, 160, 40, 104, 41, 169, 175, 111, 48, 115, 180, 56, 120, 124, 62]
    16-hatcore: [130, 2, 102, 167, 105, 77, 174, 49, 177, 19, 179, 20, 148, 118, 183, 87, 60]
    item NO.: 1082  father id: 1072
    0-hatcore: []
      2-hatcore: [138]
        6-hatcore: [16]
          7-hatcore: [144, 97, 131, 21, 181, 42, 106]
            9-hatcore: [32, 80, 35, 115, 57, 153, 58, 27, 76, 79]
      item NO.: 943  father id: 1082
      0-hatcore: []
        6-hatcore: [16]
          7-hatcore: [144, 97, 131, 21, 181, 42, 106]
            9-hatcore: [32, 80, 35, 115, 153, 57, 58, 27, 76, 79]
    item NO.: 1074  father id: 1072
    0-hatcore: []
      16-hatcore: [2, 130, 102, 167, 105, 77, 174, 177, 49, 19, 179, 148, 20, 118, 87, 183, 60]
      3-hatcore: [144, 134, 138]
        5-hatcore: [16]
          7-hatcore: [161, 66, 101, 86, 28]
            9-hatcore: [80, 32, 35, 153, 57, 58, 27, 76, 79]
              13-hatcore: [113, 129, 196, 38, 24, 122, 140, 93, 61, 110]
                15-hatcore: [193, 162, 194, 163, 198, 7, 103, 10, 43, 172, 45, 176, 178, 117, 150, 185, 123, 59, 188, 157, 158, 30, 31]
                  28-hatcore: [128, 195, 67, 132, 5, 137, 74, 11, 78, 145, 81, 146, 149, 88, 29, 160, 40, 104, 169, 41, 175, 111, 48, 115, 180, 56, 120, 124, 62]
      item NO.: 1130  father id: 1074
      0-hatcore: [193]
        1-hatcore: [11]
          2-hatcore: [144]
            5-hatcore: [16]
              9-hatcore: [32, 80, 35, 115, 57, 153, 58, 27, 76, 79]
        item NO.: 1132  father id: 1130
        0-hatcore: []
          1-hatcore: [11]
            2-hatcore: [144]
              5-hatcore: [16]
                9-hatcore: [32, 80, 35, 115, 57, 153, 58, 27, 76, 79]
          item NO.: 1139  father id: 1132
          0-hatcore: []
            1-hatcore: [11]
              9-hatcore: [32, 80, 35, 115, 57, 153, 58, 27, 76, 79]
        item NO.: 1085  father id: 1130
        0-hatcore: []
          2-hatcore: [84, 125]
            9-hatcore: [32, 80, 35, 115, 57, 153, 58, 27, 76, 79]
        item NO.: 1102  father id: 1130
        0-hatcore: [193]
          item NO.: 1104  father id: 1102
          0-hatcore: [193]
      item NO.: 1199  father id: 1074
      0-hatcore: []
        3-hatcore: [144, 134]
          5-hatcore: [16]
            9-hatcore: [32, 80, 35, 153, 57, 58, 27, 76, 79]
              28-hatcore: [128, 67, 195, 132, 5, 137, 74, 11, 78, 81, 145, 146, 149, 88, 29, 160, 40, 104, 41, 169, 111, 175, 48, 115, 180, 56, 120, 124, 62]
      item NO.: 1076  father id: 1074
      0-hatcore: []
        7-hatcore: [161, 66, 101, 10, 146, 178, 86, 150, 59, 28, 188, 158, 31]
          9-hatcore: [129, 113, 196, 38, 24, 122, 140, 61, 93, 110]
      item NO.: 1187  father id: 1074
      0-hatcore: []
        16-hatcore: [2, 130, 102, 167, 105, 77, 174, 49, 177, 19, 179, 20, 148, 118, 183, 87, 60]
        2-hatcore: [138]
          4-hatcore: [115]
            15-hatcore: [193, 194, 162, 163, 198, 7, 103, 43, 172, 45, 176, 117, 185, 123, 157, 30]
